     10    81.0                              0.0018258094787597656
     50  1685.0                                0.07841753959655762
    100  6485.0                                  0.349825382232666
    500 155734.0                                 34.974578857421875
   1000 615783.0                                 241.33014678955078
     10    77.0                             0.00010919570922851562
     50  1689.0                              0.0023071765899658203
    100  6478.0                               0.008929729461669922
    500 155758.0                                0.22432327270507812
   1000 615760.0                                  1.115602970123291
