     10    26.0                              0.0005354881286621094
     50   627.0                                0.01544952392578125
    100  2553.0                                0.09023690223693848
    500 62718.0                                  9.937454223632812
   1000 250447.0                                   85.1982307434082
     10    24.0                              0.0001323223114013672
     50   619.0                              0.0014896392822265625
    100  2556.0                              0.0060040950775146484
    500 62709.0                                 0.1805720329284668
   1000 250479.0                                  0.788794755935669
